0
0
0
0
0
0
0
0
0
0
0
0
0
0
0
0
0
0
0
0
0
0
0
0
0
0
0
0
0
0
0
0
0
0
0
0
0
0
0
0
0
0
0
0
0
0
0
0
0.25
0.254405
0.316079
0.417401
0.492291
0.575991
0.64207
0.71696
0.800661
0.868772
0.899426
0.902547
0.89759
0.864917
0.864734
0.864367
0.864917
0.864367
0.86455
0.864184
0.864001
0.863451
0.863451
0.863451
0.863268
0.863085
0.863818
0.863268
0.863818
0.863634
0.863818
0.864001
0.864367
0.863268
0.862902
0.863268
0.863268
0.863268
0.862718
0.861986
0.862169
0.861986
0.860887
0.860338
0.852829
0.564978
0.560573
0.507709
0.419604
0.349119
0.261013
0.194934
0.106828
0.0407489
0
0
0
0
0
0
0
0
0
0
0
0
0