-0.1883284748789364 -0.3237319020678367 -0.13589482568052483 0.6365678830571369 -0.19676671912723093 1.0212133667842829 0.03227198710948116 0.0 0.0 0.0 0.0 0.0 0.0
-0.18190465318780089 -0.39926008566714777 -0.11946838718988657 0.7253551253138436 -0.18082872816602344 1.1989942710286927 0.021769004335662798 0.0010046611042081616 -6.280677090307136e-08 -3.7007434154171884e-18 -2.5690359962589642e-05 0.0008319085666993588 3.1732914883791494e-05
-0.1810346253303364 -0.4079281859111423 -0.1159608950857292 0.746234556869939 -0.1777645920807094 1.2307987741896869 0.020090026653787837 7.792153763316821e-05 -6.251996474693121e-09 -1.1555579666323415e-33 0.0005165046295126981 -8.017121526667972e-06 -9.187181014498021e-08
-0.18070982508138209 -0.409046840602144 -0.11513919180035326 0.7521203867241965 -0.17696655757309035 1.2385194137376603 0.01971009147160916 -5.804064464629221e-06 -1.5496593639511664e-07 0.0003369239111016547 9.317012266922713e-05 -2.605202121561648e-07 4.772634658336522e-09
-0.18063095045596567 -0.4090971362909327 -0.11492838064920166 0.7539090584841097 -0.17672668820522058 1.240500199673145 0.01959178054871537 -1.633698910008485e-07 0.00030349194974550563 0.0001391878716699976 4.3397298417136306e-07 -3.4009009436958956e-08 -1.4487034237697572e-07
-0.18064416056498153 -0.40904309733208394 -0.11487801162815897 0.7544003001958923 -0.1766553661757416 1.2409702663056839 0.019552735889195087 5.357972243469843e-05 2.1297334459818036e-05 2.15688135949476e-05 -1.5991033533226617e-07 8.81314848113353e-06 1.409150467874688e-06
-0.18066602508280127 -0.4090198266432807 -0.1148457159062495 0.7544273909736745 -0.17664458050578738 1.2409721213207652 0.01954716290110399 -1.0238286309830755e-06 2.2699145541654172e-05 3.949984896508673e-06 -1.15805397947984e-08 9.4605134102485e-06 8.072486586074362e-07
-0.18069273748246717 -0.40901441611355743 -0.11482158157386751 0.7544162652514299 -0.1766388915875552 1.2409744730403947 0.019530082970439077 -2.881821400614845e-08 1.598012287885138e-05 9.017437525607156e-07 -2.827341346697106e-08 8.885243847654065e-06 6.840955094246914e-07
-0.18072470847819236 -0.4090271001339141 -0.11480150520872326 0.7544278478663967 -0.17662994639309598 1.2409754739489098 0.019518724250787683 -8.111606116336212e-10 1.7269567419167845e-05 4.768917292537398e-07 -4.51885344905689e-08 9.263278466625595e-06 6.540647395011512e-07
-0.18075565420794165 -0.40903297630554847 -0.11478242427075333 0.7544385273877277 -0.17661540628478054 1.240984971087579 0.019506834176958983 -2.283214142991865e-11 1.6158497930568674e-05 3.7192098445654486e-07 -4.244313527255127e-08 9.004470206244021e-06 6.448572236988331e-07
-0.18078226091837743 -0.40902261562561665 -0.11475516591976848 0.7544358615260155 -0.17661097382712387 1.2410025248614265 0.019493825054062594 -6.426676616613798e-13 1.6723343145125167e-05 3.752322029764779e-07 -4.512585014519537e-08 9.168798017128542e-06 6.453359163704099e-07
-0.1808075719839152 -0.40903062399912166 -0.11472786041822117 0.7544497956400421 -0.17660376638207728 1.2410025813295813 0.019480333726130634 -1.8089473013962035e-14 1.6402702964803314e-05 3.6476164643355877e-07 -4.3809517247593476e-08 9.058042058097331e-06 6.432308978654329e-07
-0.18083688235924525 -0.40903767807075336 -0.11470589879726387 0.7544611053128821 -0.17659156044019592 1.2410040294459272 0.01947005028971948 -5.091853832109644e-16 1.658092185673642e-05 3.6910705769973314e-07 -4.45484785368883e-08 9.126649579176029e-06 6.442733353030044e-07
-0.18087448588136285 -0.4090354315616067 -0.11469213983952335 0.7544333451262016 -0.17658522167903398 1.2409930782040393 0.019462393815516173 -1.4326599630647225e-17 1.6471162995713757e-05 3.6613874478920507e-07 -4.4118482508839194e-08 9.090829445002322e-06 6.439843140652021e-07
-0.18089668480502502 -0.40903314922104567 -0.11466318881936031 0.7544440668179432 -0.17657109094188625 1.2410021459624694 0.01945110213857385 -4.0544373593334896e-19 1.6522361085938556e-05 3.673984673341527e-07 -4.439479599064209e-08 9.120274812415932e-06 6.448716484376525e-07
-0.18092251544560672 -0.4090357277580298 -0.11463675050770103 0.7544513900000236 -0.1765612535543042 1.2410041204458901 0.019440281982026304 -1.51309538385674e-20 1.6514918931957473e-05 3.674488596455847e-07 -4.4263428030483354e-08 9.089143682941391e-06 6.435401855300165e-07
-0.18094957827661773 -0.409038900770553 -0.11461079910919822 0.7544591743733524 -0.17655214266875735 1.241004620571889 0.01943143367806528 -7.9029393553307e-21 1.6510867005272154e-05 3.6711127051836623e-07 -4.4267503314401564e-08 9.111461337123849e-06 6.443453861025609e-07
-0.18099125675966285 -0.40857416294666027 -0.11461663937565339 0.7540088177646779 -0.1765365150252427 1.241367489173613 0.019395963833711935 -2.2358968321804094e-20 1.6510029976631935e-05 3.671951336566967e-07 -4.4273423957746355e-08 9.101421763079925e-06 6.441408088077355e-07
-0.1811100346379208 -0.4072513537616651 -0.11431534241954885 0.7540979945269598 -0.1762511241321021 1.237348736976219 0.021670148712361944 -5.386172302191134e-07 1.6176545773599e-05 3.5773358477337104e-07 -4.441525346333711e-08 9.071820451033242e-06 6.420658239423675e-07
-0.18057006471936063 -0.40588018206820564 -0.11239594538315405 0.756219317112005 -0.17549997248857124 1.2199847116863347 0.029329954921160195 -1.516072723317977e-08 1.596041789918942e-05 3.4456368560470506e-07 -4.175876836717359e-08 9.878787607963728e-06 6.951253150856821e-07
-0.17832409289811615 -0.403050067748721 -0.10753863772703101 0.7616153123508936 -0.17497223395923975 1.193211201978145 0.04119525298730615 -4.2673653448984834e-10 1.4444768685085821e-05 2.907111475171819e-07 -1.3860168998876752e-07 1.1436359554642543e-05 8.141965006522245e-07
-0.17434886485184184 -0.3983105356295781 -0.10063178399461302 0.770888310244705 -0.17476505093247302 1.1621197775378198 0.05366588971780479 -1.201156561020164e-11 1.5103102238184018e-05 3.0297785400562396e-07 -8.385178421949935e-08 1.3950063800322161e-05 9.989673478668655e-07
-0.16865545736657941 -0.3905060238123812 -0.0912877225502467 0.7843043641451939 -0.1752205969555525 1.1308974554076416 0.06665833407845108 -3.380954986440786e-13 1.591353302443019e-05 3.168097976588656e-07 -9.223320171963521e-09 1.6634982947010296e-05 1.2305344342028874e-06
-0.16194706601921433 -0.379002187692023 -0.07963181794685811 0.8033685322517345 -0.1764138952463867 1.1028464206344133 0.0812201210207505 -9.516552185347072e-15 1.758571860104681e-05 3.5390929354195937e-07 -1.9926352678469818e-07 2.0866862395767503e-05 1.5379980065002173e-06
-0.1546978128341789 -0.3635795098392492 -0.06793822347870344 0.8265635031552152 -0.17733654207476524 1.074007124527847 0.09482326413036579 -2.679317972925897e-16 1.7844098249171383e-05 3.425285590086278e-07 -2.7167977070051824e-06 2.266764861237808e-05 1.864582029820837e-06
-0.1477061173797226 -0.34396506599880067 -0.05693027153166236 0.8534655150641071 -0.17692188206082293 1.0452532329003446 0.10914970944713688 -7.491979432605075e-18 1.8676538527658924e-05 2.8778424850777995e-07 -7.091990701996996e-07 3.228464718461183e-05 2.4585490622817788e-06
-0.14030613009298495 -0.31974464930065727 -0.04742471638552362 0.8846056440261965 -0.1731156711894427 1.0178577343277504 0.12204890891452715 -2.350528914354328e-19 1.8066933865635097e-05 2.253034237427573e-07 -3.0110474929014763e-07 3.6437245193413096e-05 2.9955628240963534e-06
-0.1325346934935743 -0.2917117216766589 -0.04093439411516434 0.9175900577120342 -0.16401127337647176 0.9962762835067612 0.13028279178207336 -3.756427971858537e-21 2.070888557277918e-05 2.4978741698151035e-07 -1.4608195715663312e-07 4.7578375700909935e-05 6.88763106619266e-09
-0.12373630974702102 -0.2597027394878181 -0.036655024983352234 0.9526721614586883 -0.1501083937342869 0.9796434949886632 0.13195853847709813 -6.158054383775213e-20 2.47105254438845e-05 3.714894526569775e-07 -1.0079975156986884e-06 4.7942132288442126e-05 -9.120422999255159e-08
-0.11483820704306677 -0.22531048799221395 -0.03291044466885342 0.9884650787710484 -0.13299783014841432 0.9673544018310828 0.13266516406907855 -1.0494863073717231e-19 3.2943320924669495e-05 5.337455029406804e-07 -4.151226673877523e-07 5.507456788848601e-05 1.1616215120214163e-06
-0.10532417439441175 -0.18912997112549834 -0.029193962742161128 1.024009730226585 -0.11143626657621164 0.9553001892205653 0.13327277333062731 -1.6277274660306583e-19 3.696939169027367e-05 6.022140137177883e-07 -1.5101204301538296e-06 5.466631790132909e-05 -6.911511924490858e-08
-0.09559701640049448 -0.15277675044144987 -0.02463795824389345 1.0586009108579826 -0.08818770566491853 0.9469283488541467 0.13424258130991354 1.6711963101415916e-05 6.273442443026443e-05 1.2224158926531337e-06 -4.829157603321276e-06 5.35582737355037e-05 -9.838004708233237e-08
-0.08458624908733274 -0.11651448948549961 -0.019850405865647854 1.0924830938745635 -0.0574499062337545 0.9398102785203096 0.13132528031882365 -3.7571711694392147e-06 3.6587448320891316e-05 3.980277384678708e-07 -2.9891015562114398e-06 5.725401027139752e-05 9.326716259344075e-07
-0.07376184149655957 -0.08266062190197405 -0.014515253388731574 1.124450730385243 -0.023767821357677108 0.9367167470488648 0.12419305513803279 -1.057549667414444e-07 7.604432210267067e-05 1.5627455461046064e-06 -2.8929126660190573e-06 5.2752239111272495e-05 -1.3762245188394504e-07
-0.06348410487769665 -0.04990404325859159 -0.007739009242355532 1.155487806356643 0.007886573751483498 0.9370949956646376 0.11630546604555067 -2.9767376804171826e-09 6.931417631645438e-05 1.3437854236176758e-06 -1.3484151412584618e-06 5.100056177390949e-05 -2.5351880363172333e-08
-0.05444225789979617 -0.0192460489613275 -5.097630905720204e-05 1.1847323868103306 0.03334024218691803 0.9393923724928428 0.10930161058402967 -8.378771726766298e-11 8.991440476716471e-05 2.009095561860928e-06 -6.509943351129492e-06 4.0711045872472965e-05 -1.5771551957557393e-07
-0.04613134042667699 0.00959662736788654 0.008240847021238801 1.211312194211493 0.053408476178708246 0.9424896692290159 0.10479226395255452 -2.358414846349531e-12 8.86743496276835e-05 1.8884602324487186e-06 -3.231318413371417e-06 4.700793665845401e-05 -1.6435974945666946e-07
-0.03873510982011672 0.03635696669721857 0.016344594352463444 1.2347492833201592 0.06441744222425114 0.9465549904477584 0.10324233597188308 -6.638358249132711e-14 0.00010012146790016322 2.264315027441059e-06 -2.5451306636312093e-07 4.07159866563367e-05 -2.550533884978256e-07
-0.03242755350675053 0.061145736885481694 0.023214953837425768 1.2537079558289368 0.0698382272090921 0.9536593726129604 0.10431713081963243 -1.8683490580116684e-15 9.760661587201315e-05 2.1834886470389427e-06 -4.792653777605414e-06 4.0528296264807814e-05 -2.6826902968477355e-07
-0.027282296228770864 0.08397023557513932 0.028483748911030893 1.2687691046620126 0.07005937419918795 0.9631727604190959 0.10564631108850174 -5.261399570674436e-17 0.0001020073628189376 2.239676890333376e-06 -4.1676043890600114e-07 4.7472831100224904e-05 -3.38810555667441e-07
-0.023533251315670398 0.10489263596976389 0.032128642663177095 1.2806863034945224 0.06888543678846609 0.9775474709119178 0.10667574374600776 -5.408138790833011e-07 0.00010029263564959774 2.2074624518054837e-06 -1.857303110489831e-07 4.582346489514251e-05 -3.75047627996154e-07
-0.02136937451050483 0.12510053642463986 0.03421826993363176 1.2897515053934765 0.06793854086721625 0.9908498608626419 0.10745914695758343 -9.445737725292345e-07 0.00010391863730924888 2.280997041338809e-06 -1.0213726787830399e-06 4.766111258101917e-05 2.9622427328414614e-06
-0.020724324182323645 0.144186497092944 0.03498400150033441 1.2960186752384006 0.06730146494026452 1.0010225236988082 0.10688587429986433 -1.2625460481504989e-06 0.00010229503929317662 2.2292217639836336e-06 -3.992295562223687e-07 5.070825874856895e-05 3.467613325987024e-06
-0.020821054609919166 0.16221261537635556 0.03525470161239313 1.3009030533778034 0.06673099472541708 1.0069987578656083 0.10455631333081354 -8.336488404392572e-08 0.00010354376402379071 2.3000951800523747e-06 -6.558059091788136e-07 4.846517448441313e-05 3.4366707940038512e-06
-0.021044194587018204 0.17902060329677624 0.035673734695607556 1.305154489574919 0.06608898550713611 1.0092554007381758 0.10088660039779304 -1.2221960754419072e-06 0.00010354988005223152 2.340049558231941e-06 -1.2113117343921152e-06 4.462518705731538e-05 3.157737236763108e-06
-0.02138430726575387 0.19391273712482548 0.0363233904171449 1.3092445950546419 0.06541070685902227 1.0099712961265737 0.09559946133043251 -2.2390541027953498e-07 0.00010478386060235222 2.38806728392367e-06 -3.9773443747783527e-07 4.318684685610286e-05 2.9408484625090284e-06
-0.021622467593663 0.2068095234789357 0.03737765799913162 1.3132006069545321 0.06469654946446972 1.0102439122200797 0.08859290439869655 -5.675906404362187e-07 0.00010066207524051094 2.2736120381966814e-06 -5.212505447691276e-07 4.289402484117018e-05 2.9116456631008286e-06
-0.021438036582796537 0.21813549442070226 0.03864431443390308 1.316940409179523 0.06400467005348458 1.0103260635140168 0.08291424227277014 -1.300868192393833e-07 0.0001002276451504906 2.2662446275931994e-06 -4.5642533172075857e-07 4.291905741622191e-05 2.9092198231126406e-06
-0.021007312242959375 0.22792523371289053 0.040044750462036996 1.3206414055087472 0.06336761348907613 1.0107852588815942 0.07803867993867154 -5.815289533833736e-07 9.772691522129735e-05 2.2038448903790786e-06 -8.572987900285947e-07 4.236121431165642e-05 2.902177045646969e-06
-0.0205066664337976 0.236977932589183 0.04150545975093233 1.3235620980380567 0.062660314010425 1.0108462663468012 0.07307897588206186 -6.599597969846217e-08 9.710881869820703e-05 2.1834607576693985e-06 -2.7012296559667605e-07 4.374661089173308e-05 0.20367863778466005
-0.019529483844337916 0.24509885347070814 0.042732021098642846 1.3257193093171562 0.0611652555786215 1.010858189470602 0.07043566681528772 -1.616361583740415e-07 9.457655849742329e-05 2.360589185456677e-06 -4.7033171593385327e-07 0.16595822283294862 0.24500919463915324
-0.0185179398181919 0.2519953748700873 0.04364791777237644 1.3275099019966012 0.05886313680894442 1.0108749222852376 0.06829755608412613 -7.926139684626854e-07 9.4148029935782e-05 2.5832106845913687e-06 0.13513122384859425 0.2303497745545395 0.30291336334346963
-0.017812231023721488 0.2584063398156778 0.04416875572189176 1.3293503823841706 0.05563055036429697 1.0107919303071329 0.06539452882871861 -2.0356040345724277e-07 9.422853245735312e-05 0.1100937088680381 0.21261723241600752 0.28945681726687056 0.39619014422119836
-0.017227003825389418 0.2637855993447316 0.04423980164705119 1.3310562918081255 0.05096303605828369 1.0107985586248376 0.06186054290151016 -6.441559783069977e-07 0.08978220487714174 0.19362122392142211 0.2751242547738961 0.3764026041171045 0.4744877837500306
-0.0164359106208732 0.2683902516948082 0.043840953433657105 1.332110644075525 0.04400552113405987 1.0109042897634213 0.058003031644742305 0.07297973219190908 0.17437905167684004 0.26002157861167124 0.35753341799442456 0.45630187356087143 0.5571886821369385
-0.015583284688887528 0.27247124923254595 0.04330525030970126 1.3329555418744259 0.036392957123821915 1.01102800100837 0.05393612053301927 0.1554111004065688 0.2441513960779743 0.33946427729159256 0.43788535239116555 0.5384851243650279 0.6263485398431866
-0.014393581742439767 0.2768092928251741 0.04251713195568635 1.334341312531254 0.027276587685652613 1.0110827121382964 0.05010758646032325 0.227515640354108 0.32180231395160924 0.4196477284743644 0.5197126158025742 0.6100598788404966 0.7001769973027229
-0.01282669392605909 0.28066052086982635 0.042113658383688704 1.3361168824414578 0.018946385892957062 1.0112195133639335 0.0470742704864555 0.304125024361906 0.40151662342907335 0.5011703901611385 0.5931684371121916 0.6834724961746684 0.78204844445521
-0.010325726693726712 0.28356813549368903 0.041674931926336346 1.339065590344237 0.007640319263459259 1.0115190168356805 0.04355232005349676 0.38324693706800905 0.48270433167147697 0.5761210132786674 0.6665740323993495 0.7637782908217983 0.8374159196289144
-0.007927296265472504 0.28547541936879706 0.04121503760538622 1.342650893974952 -0.0033736189348510287 1.0121740581939331 0.03982543805504804 0.4640415162872435 0.558810787046377 0.6498129053420268 0.7455683911044436 0.823768751721141 0.8476753710004887
-0.006303048364610452 0.28672909377838773 0.04056232936495701 1.3456948265117863 -0.013467818750585031 1.013201062753793 0.03503059412964866 0.5410056090319444 0.6329501986749188 0.7278247062733363 0.8090393397174831 0.8432448130236113 0.8495759900115181
-0.00512304357000355 0.28747030762448544 0.03999155274376978 1.3492082497478226 -0.0229081098401894 1.0150323334683422 0.028894390231941555 0.6156587179196896 0.7102445176010617 0.7939901041772625 0.8366347366629472 0.8484030720613134 0.8499275978247596
-0.0048444133006767445 0.2882441307236126 0.04002495173214173 1.3540482291435165 -0.02940295388151348 1.0184793986609402 0.02080732298415084 0.692448254064195 0.7784721884555602 0.8287326001687332 0.8459323284537072 0.8496458804069478 0.8499921514075245
-0.004845533262676935 0.28923632683455 0.0403423994639338 1.3604377260260272 -0.03466780225182246 1.0216961909013353 0.012141428259864587 0.7622413308714753 0.8194196138137316 0.8427452136577819 0.8486535666557247 0.8499291074277179 0.850000004562117
-0.005005865419332046 0.2904966518715488 0.04060674645575372 1.3676549925884407 -0.039003851035476045 1.0227237647369576 0.004471727359086637 0.8085167556135254 0.8384233149266168 0.8475587767545439 0.8493769858347291 0.8499882457591186 0.8500000001284121
-0.005891793407698329 0.291321249541528 0.04136295817090513 1.3756765425591033 -0.04032633043435806 1.0242451364642082 -0.003735516020651078 0.8325646057309047 0.8458663315585797 0.8490401074161043 0.8495518834936758 0.8499993715409054 0.8500000000036144
-0.0069763611287494715 0.2907934493319206 0.042310479014217535 1.385357466540174 -0.04086318359479388 1.0270610493497805 -0.012356459955616848 0.8430774479353444 0.8484523756957524 0.8494570958592673 0.8495874280329364 0.8500000473342084 0.8500000000001018
-0.007799603896597919 0.28899180725154416 0.04316655950355647 1.3965103885597616 -0.04125238627988672 1.0319603701709321 -0.019432071423927853 0.8471316296018254 0.8492712838840774 0.8495633241805929 0.8495884346016894 0.8500000038475317 0.8500000000000029
-0.008394632304314316 0.286545593332549 0.04389601562339687 1.4080115783841216 -0.04152977307519075 1.0395407398558802 -0.024948197954380285 0.8485475970856329 0.8495095762642689 0.8495838288813173 0.8495857384930069 0.8499999964660839 0.8500000000000002
-0.009195676268994863 0.281999353341337 0.04460439425602508 1.419512017671652 -0.04193400701839397 1.0484120845696827 -0.03135268908864449 0.848999798904903 0.8495704440152547 0.8495854324475091 0.8495805647327979 0.8500000181360108 0.8500000000000002
-0.010499542844333652 0.27546540071836084 0.04478341445306576 1.4320709748486762 -0.04225892180961636 1.0567141858742672 -0.03730331546752554 0.8491350243044276 0.8495830172816184 0.8495815154559471 0.8495739833446868 0.8499999995981735 0.8500000000000002
-0.012017877862499464 0.26602139905293104 0.045057989835668597 1.4443708213961017 -0.04220777967157511 1.0702597409078833 -0.04434717337712972 0.849173871655741 0.8495821446104679 0.8495754279423882 0.8495705389568897 0.8500000429797393 0.8500000000000002
-0.014008492987806742 0.2550090371572707 0.0452451776065465 1.4563279350009048 -0.041478862135736205 1.0843123240859116 -0.05207580824268378 0.849176354317978 0.8495770388357237 0.8495714937883244 0.849570673949457 0.8499999984414123 0.8500000000000002
-0.01619034154776192 0.2436406153924293 0.04527001229801278 1.46708577575296 -0.039954629247610576 1.0980981273731776 -0.05898404443519695 0.8491744422748123 0.8495728773215065 0.8495708751610218 0.8495661680586832 0.8500000538873757 0.8500000000000002
-0.01878407546638432 0.23196304360877806 0.04523837681013476 1.4768172997304279 -0.03691717940979329 1.1114040898201727 -0.06552883567967509 0.8491677241368887 0.8495716082025535 0.8495670901921257 0.8495625521080922 0.8500000018390169 0.8500000000000002
-0.02234616588434123 0.22007555562808942 0.044844704164639815 1.4874705231659011 -0.032152015463101556 1.1232807468057753 -0.07275696975423117 0.8491618151907551 0.8495682943766499 0.8495634434017201 0.8495578854459519 0.8500000121176471 0.8500000000000002
-0.025864840903411915 0.2085210400191849 0.04300100226936764 1.497959107992363 -0.030003033701781916 1.135445290255334 -0.07591743022206048 0.8491586090885667 0.8495646964309065 0.8495589668009885 0.8495501708041113 0.8500000186718683 0.8500000000000002
-0.029876630298775082 0.19649862571242724 0.04008435091364403 1.5081818729894403 -0.028758365987835672 1.1486545145417937 -0.07676335503258024 0.8491527971529594 0.8495603819133243 0.8495518528325181 0.849544410110392 0.8500000293242482 0.8500000000000002
-0.03488683806103384 0.1846042383733489 0.035800005368404 1.5172092326001891 -0.027403459128712997 1.1654865994314851 -0.07416166775847961 0.8491393652592822 0.8495538134286095 0.8495458411704444 0.8495442460967644 0.8500000373975259 0.8500000000000002
-0.04106814291931797 0.17324933057769307 0.030165158384803874 1.5256788943933335 -0.026452029412479285 1.182713922299797 -0.07004011278620323 0.8491239683698535 0.8495477091242799 0.8495445944832718 0.8495382902527461 0.8500000361959134 0.8500000000000002
-0.048582295202953533 0.16144173857210276 0.023262379591611575 1.5317467602532504 -0.0249815865362241 1.2004110995517738 -0.06458566734439755 0.8491093327420391 0.8495455708342928 0.8495395120361614 0.8495320061845701 0.8500000471812018 0.8500000000000002
-0.05686240276864424 0.15036132190556004 0.01525393432339357 1.5358999724887852 -0.02525929467390253 1.2170755885858364 -0.058523614406005266 0.8491007869367585 0.8495410406388808 0.849533450843144 0.849529838365615 0.8500000569666671 0.8500000000000002
-0.06532224056605207 0.14037508247691943 0.006550267643616245 1.5378574227050117 -0.028262314278978674 1.233730778288049 -0.05197826150975874 0.8490928488403644 0.8495352645202214 0.8495305618943096 0.8495278891725009 0.8500000617385234 0.8500000000000002
-0.07368065025126459 0.13294240808065633 -0.0025278677358088497 1.5374437541569936 -0.03253983340543237 1.2472063232591197 -0.04218118134255546 0.8490806676090771 0.8495318554463137 0.84952843849971 0.8495278207689271 0.850000062731816 0.8500000000000002
-0.08176092027433667 0.12832883119616167 -0.01211046592451894 1.5347549024940073 -0.04153312585851021 1.255747386571274 -0.030690819674813418 0.8490671053058763 0.8495295189348211 0.8495279889104042 0.8495297476345088 0.8500000639639865 0.8500000000000002
-0.08979189871641474 0.1254000208702163 -0.021217996110868262 1.52943295533695 -0.04878796474409975 1.2613460684083098 -0.02085989084703684 0.8490691726967119 0.8495286840924959 0.8495294767795581 0.8495213734856488 0.8500000712426072 0.8500000000000002
-0.09772481864579373 0.12386582040136666 -0.0296498976190162 1.52177272372046 -0.05409960820368819 1.2643482287592596 -0.01259164718245965 0.849058787571768 0.8495297822776705 0.8495229287791962 0.8495270732311071 0.8500000600753105 0.8500000000000002
-0.10546909898347928 0.12207058880018543 -0.03720362130990827 1.5107628766289243 -0.05504221389311132 1.2668978447690344 -0.005427311391413093 0.8490611052270952 0.8495246347241464 0.849526359451411 0.8495248355341373 0.8500000571980292 0.8500000000000002
-0.11214445496592722 0.12025581123826902 -0.043575024519322214 1.49707695473741 -0.05422869152887778 1.268466464967028 0.0021663897552594916 0.8490596931723579 0.8495264702572846 0.8495251717785636 0.8495266346264815 0.8500000514827133 0.8500000000000002
-0.11749596313761 0.11853408736880634 -0.0485056896741338 1.4815501771811799 -0.053368352393346925 1.2680066494014957 0.007589210245764954 0.8490624442954859 0.8495258465409933 0.8495264163708736 0.8495340779872673 0.850000043458085 0.8500000000000002
-0.12061965824132857 0.11682172507393669 -0.051411122413055704 1.4651401442034937 -0.05299679917985882 1.2660096954071174 0.012564616233274062 0.8490680931585042 0.8495267376885024 0.8495327099805611 0.8495431070336573 0.8500000351915035 0.8500000031846119
-0.12151164920931301 0.11616808320008527 -0.0522150712485652 1.4487967193641162 -0.053130881869044244 1.2630357591150245 0.017694860883302587 0.849066135582022 0.8495320689616725 0.8495412291449386 0.8495628754991411 0.8500000036904283 0.8500000302632509
-0.1211842183659852 0.11616412564061694 -0.05185708776293968 1.4328459187313702 -0.05357647713106645 1.2586989404611697 0.02261419151372182 0.8490710794502514 0.8495400102155524 0.8495589112670412 0.8495770199801913 0.8499999979161116 0.850000050786148
-0.12018939442321491 0.11690182204176543 -0.050925145952750495 1.4172206126395097 -0.05420441524980608 1.2552610674850995 0.026338795398638374 0.8490952797080916 0.8495558302085833 0.8495737121297161 0.8495758923879203 0.8500000090293431 0.8500000342998514
-0.11878406674286268 0.11906863499343441 -0.04979919885025249 1.4030800350381207 -0.05497661010207876 1.2525073782547966 0.030875926760669515 0.8491248690326954 0.8495707370556171 0.8495754933705669 0.8495726667022856 0.8500000076257278 0.6177979104841955
-0.11809057430180307 0.1218072805080827 -0.04923545928069581 1.3901298220245455 -0.055626432795381105 1.2498768573310473 0.03381616294339611 0.8491494873720244 0.8495749261152594 0.8495731904896248 0.8495538785603645 0.6608261143461999 0.5711811282735547
-0.11799968288641295 0.12475012706137119 -0.04925654151994945 1.3793517012403815 -0.0560722803195178 1.2476205210664761 0.036197806986091235 0.8491687091133817 0.8495737843431085 0.849557457099845 0.6954786003825162 0.5877922122508378 0.5194750711320703
-0.1182093116037317 0.12700144549960943 -0.04964138995467997 1.3707523252261873 -0.05633350098052304 1.24610851790055 0.03862500881320322 0.8491828154346059 0.8495604980361453 0.7240297235997581 0.6074654593964773 0.5321335067393059 0.4381143601324857
-0.11923722392319679 0.1289298738675366 -0.05061352279849778 1.365054606923662 -0.05636531775007407 1.2449010359640995 0.04015252800705483 0.8491560597855528 0.7472906156553776 0.6290650528832114 0.5458430312711362 0.45553420832517955 0.3656148264376064
-0.12089235064267925 0.13024174085797227 -0.052062509155526224 1.3623225486753832 -0.05619266953603815 1.2440803883204639 0.04023591808174013 0.765860402426679 0.6509720371752811 0.5612642398915602 0.4720410179468755 0.3822735341786539 0.280401204537226
-0.12292282495116998 0.13018250548795512 -0.05379962774224185 1.3617304155035568 -0.055813330269305655 1.243797398958045 0.040069543124187035 0.6719893886151721 0.5778866431815504 0.4885742611046664 0.39870330657981295 0.2992732554822037 0.2107760808946586
-0.12555769818422455 0.12923496468478674 -0.05603580271872968 1.3619641771503508 -0.05524934635704476 1.243566574196188 0.039725646113926025 0.595080343900913 0.505123213804203 0.4153565758924069 0.3175161189563892 0.22716813798580152 0.1260943605459127
-0.12829411913974673 0.127142623837311 -0.05838178542545382 1.3637161172557892 -0.0545397267226163 1.2437329774106392 0.03910002070451878 0.5215763068129301 0.43198945789766063 0.3356461531552822 0.24374311130248788 0.1448156334223153 0.05656758185081219
-0.1309315979247878 0.12390550421714348 -0.06055785141657532 1.3668565062849416 -0.053767841082242016 1.2440526066083204 0.038129553109126434 0.44839122236510753 0.35349752140774987 0.26077293049950023 0.16299775371869898 0.07291090214254675 0.010485569352168368
-0.133151183716776 0.11853738397381147 -0.06231132085398242 1.3704116363026029 -0.05293486090834227 1.2446593317294083 0.03698413740129577 0.3708998862606538 0.2779535482137896 0.1811156913730372 0.08946932944234916 0.022042819388442093 0.0019462130919529579
-0.13486676519144822 0.11074583370445124 -0.06354025283940698 1.374831633835325 -0.05202473708167921 1.2454882706064612 0.03549126813951941 0.29501067734163544 0.19905833820634727 0.10645158533158793 0.034414772572677325 0.005659001278054195 0.00036364954400023116
-0.1360786356859418 0.10079535867390974 -0.06424020240544372 1.3800713106420075 -0.05109576915204364 1.2464792048569031 0.033206480834750786 0.21668779885342487 0.12361008385066359 0.04776333941095745 0.010872294047390915 0.0013331565575357865 7.021036066086944e-05
-0.13667002051172672 0.0891512335387582 -0.06439250090484974 1.3856657878041416 -0.05020168907284567 1.2476758236243723 0.031134938806284873 0.14072087794394575 0.06181615332192494 0.017708279232044703 0.002988967232462549 0.000292177193615141 1.564021174530913e-05
-0.13700150065829933 0.07549986327097667 -0.06428055924614437 1.391731778278335 -0.049268912728727986 1.2494458563459971 0.028788801675125594 0.07631169934116548 0.025879866748257034 0.0057164854625860375 0.0006821185822516831 5.463973323045659e-05 5.328025570691829e-06
-0.1373147408239127 0.06092155119418402 -0.06423200324654516 1.3973372850815178 -0.04830725368079682 1.2520437090746988 0.026896689676928244 0.035108957442207586 0.009451150161033444 0.0016149969289863452 6.067683587244581e-05 2.1919633808768808e-06 3.3263906771955176e-06
-0.13778529213175073 0.045847924058124594 -0.0641168763404099 1.4019526910405093 -0.044414800986571266 1.2586446385931223 0.022742631501784606 0.01409574951285696 0.003066834092670935 0.0003479131657971378 -1.223945218009026e-06 7.818274297446243e-05 5.474037871843941e-06
-0.1381823316018923 0.03309773660562662 -0.06403593671836418 1.405622922237171 -0.04177554058048474 1.2652797641911286 0.017931571324940717 0.005000153346602233 0.0008507688748267422 6.410652710848488e-05 -3.445099517345945e-08 4.696932815388805e-05 4.471949007881883e-06
-0.13839919138584272 0.02437491376698477 -0.06401705928902149 1.4078003118102151 -0.041154807287165376 1.2694327595698593 0.015582917297617375 0.00150971432134318 0.00020931897786404238 1.1276484692777144e-05 -9.697093064770295e-10 6.710151463085869e-05 5.144814493399164e-06
-0.13854236424545952 0.01988652914385558 -0.06394282859483749 1.408260457203835 -0.040898912633237555 1.2715520101622426 0.014749064067425134 0.0003376704063498059 4.7164484776883584e-05 1.6085671938830302e-06 -2.7294890411604086e-11 5.7487068679917744e-05 4.905478018559481e-06
-0.1386739699035425 0.01885813878862366 -0.06380855314041511 1.4078831646704661 -0.04085146556165187 1.271909571519726 0.014554348115355371 -5.739509401107903e-06 1.8673292806967704e-05 -1.7960611315648717e-08 -5.0248166997032445e-08 6.413726814939968e-05 5.094358669752547e-06
