-0.139890752353785 -0.26354606372632394 -0.11075208445630659 0.5189479941779684 -0.16469665713935905 0.832065556062402 0.026279956577283988
-0.17467554094516313 -0.3741076409459256 -0.11785253134861731 0.6870523524170423 -0.1777189525760754 1.130960066625143 0.022607501018215213
-0.17997804910802623 -0.40165967643599054 -0.11631133185146617 0.7352212382940146 -0.177738547809995 1.2122731030409843 0.020556698252331633
-0.1806374832553851 -0.40767716411903826 -0.1153563675796473 0.748942438340855 -0.17710355325300886 1.2336324590205423 0.01986719235068572
-0.18068649199778036 -0.408833182808749 -0.11500787378069222 0.7529417172861359 -0.1767902490921675 1.239203733997377 0.019641983961974772
-0.18070446279243918 -0.4090034940766924 -0.1149021028111248 0.7540833527546185 -0.17667586860894843 1.2406195959839907 0.019569268099241446
-0.1807251332889317 -0.4090161069089634 -0.11485618220747451 0.7543170087860167 -0.1766460379547727 1.2408835178094182 0.01955130085642005
-0.1807506959575146 -0.4090140401083334 -0.11482800599892289 0.7543512370647055 -0.17663592225067548 1.240934348612387 0.019534079465573104
-0.18078145303179302 -0.4090239905593465 -0.1148064296355377 0.7543670089210363 -0.17662675840095685 1.2409445778423982 0.01952163075536797
-0.1808123598666804 -0.40903062249147104 -0.11478688551508894 0.7543786341587845 -0.17661322095545642 1.240954213975853 0.01950964043951707
-0.18083979276236437 -0.4090234101436104 -0.11476105694969686 0.7543786135096973 -0.1766070941321381 1.2409702968829883 0.019496818660933505
-0.18086549313719946 -0.4090285985250543 -0.1147340249150278 0.7543899644009283 -0.17660008843409672 1.2409733250688153 0.019483452188488
-0.1808940996869134 -0.4090353073713487 -0.11471112390300367 0.7544012823951082 -0.1765888504156348 1.2409750671330861 0.019472596927049272
-0.18092999589262157 -0.4090347209905003 -0.11469567089309333 0.7543807678988453 -0.17658160974946438 1.240966471882456 0.01946434786082519
-0.18095481149716908 -0.4090327521583204 -0.11466922097266424 0.7543856941323187 -0.17656874422470833 1.240972260419891 0.019453620173038103
-0.1809804217861756 -0.4090344886668149 -0.11464278056068858 0.7543925767783912 -0.17655834980766122 1.240974944532547 0.01944281694509926
-0.1810072040833579 -0.4090373958307128 -0.11461673854856112 0.7544001939715537 -0.17654900272332555 1.2409758497064356 0.01943360645859556
-0.18104630563991742 -0.4086593122082169 -0.11461667121126956 0.7540347244317674 -0.17653450009820454 1.241271647663694 0.019403000370636598
-0.1811470662604078 -0.40751160250419605 -0.11437119851236141 0.7540394990421219 -0.17629977068852348 1.2380524528065004 0.021250095177169793
-0.18071894174284914 -0.4061819177478296 -0.11276199854439237 0.7557671954314252 -0.175645409350095 1.2233091600455763 0.0278327736598593
-0.1788055379891396 -0.4036298800411409 -0.108506587588943 0.7604786296100504 -0.17509523612474287 1.1987629605030221 0.038719183227541115
-0.17521049575013795 -0.39929570487762867 -0.10209107176660387 0.768897577418495 -0.17482546895111323 1.1688806317398042 0.05089625073002015
-0.16990468028676023 -0.39213424233820315 -0.0932897021972834 0.7813747121487594 -0.17514784776028136 1.1379010080644576 0.06373759633768541
-0.1634471814755273 -0.38143509452082863 -0.08216279355430167 0.7992011477192396 -0.17618279198886952 1.1093000660543932 0.07798056159196047
-0.15633040028235523 -0.3668877602120133 -0.07057426581232772 0.8213804973349549 -0.17713079060350564 1.0804962550695294 0.09170218889703298
-0.1492880845045845 -0.3482123348444533 -0.05945881306453911 0.8473812121306603 -0.17697690366238586 1.0517225038121754 0.1059165009103947
-0.1419248826293211 -0.3250193770732366 -0.049655031198105756 0.8775354868219263 -0.1738574345034184 1.0240578351791787 0.11905933831436774
-0.1342053713441189 -0.2978831921205888 -0.04255081266604434 0.9099536283309676 -0.16587137492027643 1.0013313454051358 0.12820288962039703
-0.12560189387470982 -0.2667769454617395 -0.03774807588672148 0.9444931866660533 -0.1530698872556237 0.9835475691043724 0.13126247523235393
-0.11672511503244429 -0.23299327066407352 -0.033807520363152134 0.9800022761949969 -0.13676805301279782 0.9702178538848771 0.13240515288742996
-0.10728069410954458 -0.19725635083340637 -0.030049595029331366 1.0154876823460786 -0.11619115321121226 0.9579044169934453 0.13311210692991343
-0.09758378871328575 -0.16101667522721488 -0.025641530515862637 1.0501893540180325 -0.09343663748384032 0.9487771018329092 0.13403300264968715
-0.08689432237562293 -0.12475846715043006 -0.02092420071072113 1.0841652761916363 -0.06415677368232006 0.941257979478321 0.1318274924464866
-0.07619661952181628 -0.09045941393653166 -0.015703412488805593 1.116450477004849 -0.0312721538184167 0.9373176532419968 0.12560819095568193
-0.06603488953737462 -0.05741846731428835 -0.009215170326509935 1.147664394991938 0.000625814952302835 0.9368673229408397 0.11803014276550595
-0.056871826976655764 -0.026319961862107066 -0.0017492518104907716 1.177228689115404 0.027266065960367205 0.9386325238091651 0.1109198214174135
-0.04855790468603094 0.002938658722570631 0.006389772971655541 1.2043170081670596 0.04853116460340257 0.9414562952859094 0.10592874179352654
-0.04093907316990691 0.030162058702454735 0.014500280717900863 1.2283965349628398 0.061415736924521194 0.9452738393525392 0.10374110545375656
-0.03430889641755966 0.05540261231579162 0.02160067507742275 1.248273649561446 0.06819827248775379 0.9517540695847452 0.10421132792833723
-0.028801123718197822 0.07867573341948611 0.027209084291012917 1.264204715321616 0.06962007634415211 0.9606948733114717 0.10538131490953448
-0.024709940036880627 0.10003377682517586 0.03121799022797591 1.2768464087645979 0.06890523829690562 0.9740510373830441 0.10643678448086522
-0.022157950510954635 0.12045507835227162 0.03366338759332465 1.286568553018026 0.06798727806060811 0.987359247771186 0.10727054577562338
-0.021154609704922434 0.13978835930881223 0.034740457104943626 1.29348003729222 0.06728131950740443 0.9981126157576437 0.10695801465173982
-0.021143155389004274 0.1580549972898651 0.035160590339107144 1.2987428432365595 0.0666397508263106 1.0049677645771629 0.10500225587624498
-0.021391880420815423 0.17513194886821798 0.03557982995006787 1.3031867210292258 0.06595824625978902 1.0080730483190623 0.10165017285860052
-0.02169804475357274 0.19042903349263074 0.03618680796755318 1.3073516897312891 0.06527214513552071 1.0092360036901677 0.09672155148111529
-0.02193394342702436 0.2037707085132464 0.03715821232114564 1.3113541785250917 0.06455843267356023 1.0096774008094949 0.0901000279247025
-0.02181972843482066 0.2154702176925333 0.038370161895418746 1.3151477213761116 0.0638567343981995 1.0098283350919315 0.08424662629157341
-0.02142657408260703 0.22561411429896758 0.039735580707145286 1.3188699190799464 0.06320997763584017 1.0102332613670435 0.07918973427579871
-0.020924356638289315 0.23486932149664216 0.04117879521462815 1.3219425291730509 0.0625180200817319 1.0103607730441322 0.07421205030733703
-0.0200252834393089 0.24320055907565244 0.04244512539852624 1.324271203281105 0.06117116127966034 1.0103953638480272 0.07113598580879789
-0.01904496012719072 0.25036269800836297 0.04342555957987621 1.3261642799353381 0.05903658840468449 1.0104158117518414 0.06882378176623316
-0.018256868671197364 0.25691336356891176 0.044031240683263084 1.328019500888577 0.05602140539800211 1.0103569353495319 0.06602988489396464
-0.01763202869480049 0.2625097293069664 0.04420101721251912 1.329756329457099 0.05165936693648554 1.0103533039381998 0.0626323229985885
-0.016862997398734092 0.2672982546157177 0.04390755542760891 1.330942573973138 0.04518614557573081 1.0104427771144646 0.058859993267000615
-0.016030614218746058 0.27151024412154295 0.043416730961311746 1.331853518448256 0.03778058409621636 1.0105620571691087 0.05484762952904124
-0.014902962530648739 0.2758249760690094 0.04268374525863339 1.3331521673083575 0.028982219153600174 1.0106305815964467 0.05098501537289909
-0.013430722202263358 0.2797618397833152 0.042219303126222095 1.334838819400327 0.020556027591317142 1.0107545900729127 0.047798054043760724
-0.011078909800764319 0.28286085199651734 0.041775929186529955 1.3375604237578809 0.009809694988624147 1.011028645814416 0.044338207913586794
-0.008662824817186669 0.2849893902332481 0.04131919180618018 1.3409899774565315 -0.0011374722830475058 1.011617826969525 0.04066090778822824
-0.006864381681133046 0.28640561260521186 0.04070296810906178 1.3441074380830522 -0.011371767649010787 1.0125671952966344 0.03607331608759649
-0.005569434109485234 0.2872719007485446 0.04012400811969911 1.3475442086879705 -0.02095890710200538 1.0142342799334867 0.03022428836115186
-0.0051045276707686014 0.2880628175033624 0.040044193515373624 1.3521154347971078 -0.02802880623161091 1.0173476824932957 0.022552120485932758
-0.005016021711861888 0.2890177642312559 0.04028822904427858 1.3581598859181596 -0.033626695520123207 1.0205418140387927 0.01407047887342497
-0.005132649681307887 0.2902214699012148 0.04054892835792954 1.3651524034279923 -0.03819883170145236 1.0219674717011449 0.006250379176547285
-0.005889611281831314 0.2911161249526069 0.0412133772950557 1.3729696949167038 -0.04013401189450248 1.023464273991741 -0.0018850989639550377
-0.006913199645761713 0.29085192385736436 0.042108466661976186 1.3822932047583543 -0.04093109598034445 1.026029957774602 -0.010416086176470846
-0.007789912227357849 0.28933494484751204 0.042971774751109686 1.393092772699279 -0.04140761078762146 1.030489226269092 -0.017761377720225856
-0.008454233651155118 0.28706068133178625 0.043726028969193705 1.4044450415790082 -0.04173412568214126 1.0374812581462005 -0.023616450186965645
-0.009225928773863072 0.2829355083384237 0.044442891618017455 1.4159075113817603 -0.04212036749711995 1.045998929356217 -0.029919146728929306
-0.0104320242438439 0.27684789040701474 0.0447215471117012 1.4282578403277355 -0.04245420678723472 1.0543377629233988 -0.03593502316865091
-0.011929318882390185 0.2680252812469684 0.04499683943529598 1.4405558141060721 -0.04249327213377513 1.0669110718519257 -0.04278838276315964
-0.013831223883372965 0.257418644583106 0.04520031308932136 1.452569967747412 -0.0419019656243285 1.0806855573201042 -0.050354838326878114
-0.015983666664357226 0.24619104350732213 0.04525820627875579 1.4635508970906514 -0.04055694855766551 1.0944627809037535 -0.057385041619210875
-0.01851081804449657 0.23459662607333873 0.045243120605724135 1.4735035109229 -0.03783443817182955 1.1078494111403876 -0.06401977989648328
-0.021862131409097988 0.22276375479915514 0.04491956819203233 1.4840195383678187 -0.03343022813365764 1.1200019090044377 -0.0711379696015236
-0.025349655272696094 0.21115765005289824 0.043357517212790526 1.4945035662701294 -0.03085506405527532 1.1321587863170028 -0.0750318087545558
-0.029314596091083108 0.19921151178007115 0.04069182976067943 1.5047607930944407 -0.029378364173676102 1.145163677435906 -0.07644250104950642
-0.03414490332985705 0.1873072350324816 0.0367073859507696 1.5140015052596394 -0.027996905959067495 1.1612783538942315 -0.07458431438409706
-0.040080973378326536 0.17585036091429027 0.031378318287600786 1.5226049638747927 -0.026958000706117896 1.1782942767961386 -0.0708821653110001
-0.047304328735326535 0.1641076655263027 0.024767096952485676 1.5291454502388657 -0.025556674640108957 1.1958657464548 -0.0657524216369296
-0.05537872915850564 0.15290470683033033 0.01701750855159138 1.5337485190464455 -0.025510153584517293 1.2127019492549476 -0.05986312784824975
-0.06379546469082585 0.14269249069435552 0.008490579526525833 1.5362022373586817 -0.027950444115459966 1.2293924527161133 -0.05343933609788323
-0.07222051595795902 0.1347436385372709 -0.00048546653695125347 1.5363241479072114 -0.0319025425997855 1.2434635467108648 -0.04426731794736631
-0.08029701630705768 0.12951340030118322 -0.009955680606288207 1.5341726091448509 -0.03994248129306175 1.2530407971734332 -0.03320656957550183
-0.08846045040830076 0.1261554745662048 -0.019130449286885995 1.529440459722311 -0.04738100947477299 1.2593736498015067 -0.02314772674794696
-0.09641689481032693 0.12428368465917354 -0.027700004341529076 1.5223377669685216 -0.053083813718280644 1.2630009930379373 -0.014547688865215964
-0.10419380136499362 0.12247437983371924 -0.035441967962835615 1.5120736297404915 -0.054905783072941444 1.2657604423030357 -0.007117315020553394
-0.11107627156570715 0.12066052705475669 -0.04206734985669065 1.4990499008832023 -0.05457889827302729 1.2675625718523704 0.000446127513886507
-0.11668952663772607 0.11892220230624408 -0.0473120584209518 1.4840218665762355 -0.05380777719151311 1.2675389759568263 0.0062656111405087955
-0.12037388826459725 0.11720273457233536 -0.050650997266604 1.4678955369913504 -0.05338329200905248 1.265917472810319 0.011397454651883446
-0.12181788758286322 0.11635076160718395 -0.05192470101169097 1.4516192313929945 -0.05341822917847232 1.2632057763320477 0.016528007959490193
-0.12168085188772693 0.11619273331772716 -0.05186905061049914 1.435644178135923 -0.053748160585173066 1.2591917519388738 0.02148645082406233
-0.12074636307848033 0.11676660395853627 -0.05109945313958872 1.419983752203799 -0.05429227895884434 1.255664445312444 0.02543969367778299
-0.11937183470931086 0.11863946388888033 -0.050039679037808156 1.405583582404512 -0.055005615674696945 1.2527796127634034 0.02986870384959506
-0.1184572281428766 0.12121970711739766 -0.04938367663165221 1.3923888952076606 -0.05564133056472271 1.250116536523527 0.03308507693666822
-0.11812327415500458 0.12409728837570415 -0.04927896457824446 1.3811862433331574 -0.05609746779408964 1.2477988372436968 0.035621602294885375
-0.11830400771881999 0.12646299657829063 -0.04957288253529543 1.372117261768426 -0.0564117209470218 1.2461415366712714 0.03806920805398763
-0.11912367036191737 0.12847355373064445 -0.050419270593456605 1.3658105931408653 -0.056480999923503854 1.244859819061422 0.0397672324402457
-0.12065010523368198 0.1299142816256881 -0.051756653782126745 1.3624235317109825 -0.056359331349276835 1.2439565335825078 0.0401498027977681
-0.12262097291974913 0.13013221868641628 -0.053419722196640845 1.3613190180481316 -0.05603594579461588 1.2435602737672042 0.04008516169634271
-0.12508561525450215 0.12940171433997982 -0.055549698157697065 1.3613129319456296 -0.05550305195275807 1.2433041044140503 0.039792998647872814
-0.12782580436115681 0.1275605125098854 -0.05785567776132688 1.3627377209619607 -0.05484038005959467 1.2433898805619559 0.03922917897270205
-0.13051550655295208 0.12458133597769777 -0.06005586080879645 1.3655586900919423 -0.05409695473320444 1.2436643970517673 0.038334045964358604
-0.13286594174013025 0.11965494418304427 -0.06189219794100696 1.368977066419311 -0.05329012325068938 1.2442078433751016 0.037234958904868866
-0.13472079943512347 0.11239389439698391 -0.0632338492018702 1.3732123794994104 -0.052401457285051356 1.2449835859489422 0.03581495312578226
-0.13606819690220448 0.10294149776094987 -0.06405292580726844 1.378266345259856 -0.051479757517204544 1.2459342335036627 0.03369027857279029
-0.13683126454315583 0.09170292595726649 -0.06432900162604002 1.383758202535776 -0.050582609926187336 1.247082981916222 0.03160877089098833
-0.13721631828071656 0.07849932786036572 -0.06428912015299601 1.3897178587447705 -0.04964484546808921 1.2487385453486808 0.029311573975315613
-0.13750266919720391 0.06417666327609543 -0.06424246260324656 1.3953881227724452 -0.0486728887671217 1.2511625248660705 0.0273438791019434
-0.13797414955193227 0.04924161434099088 -0.06414001817550953 1.4001883377974735 -0.04532151760956808 1.2569825756055688 0.023595178554351292
-0.1383323298594832 0.0360876043595001 -0.06405518588200661 1.404061853104074 -0.042536666373515275 1.263464621491154 0.018980828110809558
-0.13859253673053423 0.026543439154048394 -0.06402410095791913 1.4065415795284806 -0.04151257918993717 1.2680422509080875 0.016212405773399635
-0.138815206534227 0.021117300208993262 -0.06395788631617437 1.4073591342038354 -0.04111808019121505 1.270606768939573 0.01502008756043017
-0.13897243370904058 0.019273877342218113 -0.06383602065391103 1.4071898356975712 -0.04100808012820389 1.2713664329441934 0.014640942157916254
